 1 	 1.185766699137511
 2 	 0.48149259029715147
 3 	 1.3908865507692099
 4 	 0.2703945693490958
 5 	 0.8662778218449266
 6 	 0.2396631163234512
 7 	 0.256365938577801
 8 	 0.2518247098196298
 9 	 0.30619976360833756
 10 	 0.30136717454081885
 11 	 0.38666018286581944
 12 	 0.3344654592737142
 13 	 0.8713453158529268
 14 	 0.2747922744429498
 15 	 0.2736115180024946
 16 	 0.29524466747211087
 17 	 0.3594910686628686
 18 	 0.30237781449600504
 19 	 0.5001088163504998
 20 	 0.2835331433280199
 21 	 0.2872435632679198
 22 	 0.22778079375900603
 23 	 0.38603298800686997
 24 	 0.2885496802283106
 25 	 0.3090828204941418
 26 	 0.30602778163221145
 27 	 0.9857325361420711
 28 	 0.33759281256546575
 29 	 0.22482974604806966
 30 	 0.33579604767469895
 31 	 0.5589198199342247
 32 	 0.37595660541275583
 33 	 0.23761230836518937
 34 	 0.24940908993421881
 35 	 0.22820782913240018
 36 	 0.23486442017127518
 37 	 0.2213251975675424
 38 	 0.29719588105325345
 39 	 0.32193723872855856
 40 	 0.23508310238658278
 41 	 0.38289552795942183
 42 	 0.3786380595907017
 43 	 0.6024517549408807
 44 	 0.7558937183132878
 45 	 0.3559867678968995
 46 	 0.9483792742507325
 47 	 0.2657252806756232
 48 	 0.22222389560192823
 49 	 0.18329243474053564
 50 	 0.19263781205302588
 51 	 0.5124852785288736
 52 	 0.5938351980617477
 52 	 0.021993896224509174
 53 	 0.4439169112075534
 54 	 0.2713027883502137
 55 	 0.3037458401932209
 56 	 0.3224010339041275
 57 	 0.6922437185852753
 58 	 0.3254417815521635
 59 	 0.2948567577361785
 60 	 0.29685823324446875
 61 	 0.5838473449909577
 62 	 0.31641915411239974
 63 	 0.25177519937494286
 64 	 0.7790585870475129
 65 	 0.33240838704147824
 66 	 0.24593927488765782
 67 	 0.2672477729566809
 68 	 0.3215419136815601
 69 	 0.2292999392806518
 70 	 0.23413283136431817
 71 	 0.23150798281723703
 72 	 0.3076624333065141
 73 	 0.28222562596891765
 74 	 0.26866715739446656
 75 	 0.5508053891050319
 76 	 0.4018084435482268
 77 	 0.20122487147994064
 78 	 0.21333357681416804
 79 	 0.26479095256783897
 80 	 0.26358291786164045
 81 	 0.3310280916867433
 82 	 1.2961822176973026
 82 	 0.048006748803603796
 82 	 0.0017780277334668072
 82 	 6.585287901728915e-5
 83 	 1.0532449752920203
 84 	 0.3541770865968256
 85 	 0.6246242075986056
 86 	 0.23804076371231564
 87 	 0.23775736867726124
 88 	 0.20794998750918442
 89 	 0.35618911405887316
 90 	 0.22143468688483592
 91 	 0.4545553927827213
 92 	 0.229358838715901
 93 	 0.21708687839822638
 94 	 0.2084597940384238
 95 	 0.325675039500412
 96 	 0.34564586513227336
 97 	 0.3897227224962855
 98 	 0.3101899541259088
 99 	 0.31798318069842124
 100 	 2.5746094146743417
 100 	 0.09535590424719784
 100 	 0.0035317001573036237
 100 	 0.00013080370952976383
 100 	 4.844581834435697e-6
 100 	 1.7942895683095175e-7
 100 	 6.645516919664879e-9
 100 	 2.461302562838844e-10
 100 	 9.115935417921644e-12
 101 	 0.7237283377045834
 102 	 0.3558075673257311
 103 	 0.23217365600996548
 104 	 0.25169968484314503
 105 	 0.39644148819907393
 106 	 0.3239233005205514
 107 	 0.3585657037803213
 108 	 0.6586234510220863
 109 	 0.24306297642006366
 110 	 0.4297309189008687
 111 	 0.3599407111587762
 112 	 0.40157922057227957
 113 	 0.3309536089310078
 114 	 0.29288446050378736
 115 	 0.5109416592124574
