 1 	 6.738728726351702
 2 	 2.018983165423075
 3 	 2.8147862178307994
 4 	 0.5982091482038852
 5 	 1.0833459794521332
 6 	 0.546740284120595
 7 	 0.6045493047546457
 8 	 0.8380804106041237
 9 	 1.2348098787996504
 10 	 0.6612091693613265
 11 	 1.638221695467278
 12 	 0.8035180336899228
 13 	 1.2541551336094185
 14 	 1.3794890813253544
 15 	 1.1202799148029752
 16 	 0.807646386049412
 17 	 0.6943168044090271
 18 	 0.8428219457467397
 19 	 1.1499754069028076
 20 	 0.5956710996451201
 21 	 0.7111346412588049
 22 	 0.5631868646100715
 23 	 1.0120427161455154
 24 	 0.8807404085441872
 25 	 1.5671529637442694
 26 	 3.555748602858296
 27 	 2.971271687083774
 28 	 1.5126983865543648
 29 	 1.3952000047321673
 30 	 1.2128362512146984
 31 	 1.1842556496461232
 32 	 1.6516712605953217
 33 	 0.5988226864073012
 34 	 0.47904534527549036
 35 	 0.3748457095137349
 36 	 0.5278596822862271
 37 	 0.8141220741801791
 38 	 0.48949259022871655
 39 	 1.6254054164444958
 40 	 2.252083266774813
 41 	 3.3116225467787848
 42 	 1.8602644508635555
 43 	 2.575716895913636
 44 	 3.193478630648719
 45 	 2.1491370043820806
 46 	 1.344535172537521
 47 	 0.528380606599428
 48 	 0.36215636216931874
 49 	 0.3731911961955053
 50 	 0.5599443509622857
 51 	 0.5279283912645446
 52 	 2.7777619096967907
 52 	 0.10288007072951076
 53 	 1.9156000040195607
 54 	 1.0096223906234458
 55 	 0.9544357414598819
 56 	 0.7846766583345555
 57 	 0.5072103446280515
 58 	 1.083143713849562
 59 	 0.4602664488333243
 60 	 0.5200298340232284
 61 	 1.5040301879247029
 62 	 0.5475976538878901
 63 	 0.48182096359906373
 64 	 2.2058871896178633
 65 	 0.9436792609868226
 66 	 0.46652420113484067
 67 	 0.5728732714498485
 68 	 0.8165495583304653
 69 	 0.47390780101219815
 70 	 0.980308888135133
 71 	 0.5965322140190337
 72 	 0.7566122489946859
 73 	 1.1725340297928564
 74 	 1.1396745575798883
 75 	 1.5064207955642983
 76 	 1.8166326505166512
 77 	 0.6806318776475059
 78 	 0.4223142161413475
 79 	 0.9151284391129458
 80 	 0.4879921343591478
 81 	 0.7508930403877188
 82 	 2.9010213481055365
 82 	 0.10744523511501987
 82 	 0.003979453152408143
 82 	 0.0001473871537928942
 83 	 1.5763125005695555
 84 	 0.8748604950529558
 85 	 1.288789825031051
 86 	 0.5344306837629389
 87 	 0.7647349188725153
 88 	 0.4701224827656039
 89 	 1.0480214900992535
 90 	 0.4992792600834811
 91 	 0.5687318430454643
 92 	 0.42340909551691125
 93 	 0.624340311244682
 94 	 0.6576869675406704
 95 	 0.892673443864893
 96 	 2.0078987843460507
 97 	 3.2989735073513455
 98 	 2.929000664640356
 99 	 2.2678039084981987
 100 	 16.57787947356701
 100 	 0.6139955360580374
 100 	 0.02274057540955694
 100 	 0.000842243533687294
 100 	 3.119420495138126e-5
 100 	 1.1553409241252317e-6
 100 	 4.2790404597230806e-8
 100 	 1.5848297998974372e-9
 100 	 5.869739999620138e-11
 101 	 2.06657584949776
 102 	 5.008560330779464
 103 	 2.1249249202233775
 104 	 0.7097072082537191
 105 	 1.2534889523629789
 106 	 0.5481133565858558
 107 	 0.8509422708992604
 108 	 0.6523063072451839
 109 	 0.536191207115297
 110 	 0.6373494742093263
 111 	 0.6160518797459426
 112 	 1.6206381365104958
 113 	 2.5573473418200456
 114 	 4.56716548954999
 115 	 9.038120570006194
