0.0
0.022124625742435455
0.2954438328742981
0.2775345742702484
0.2923504710197449
0.3038102686405182
0.27926984429359436
0.318707138299942
0.32472747564315796
0.3093264400959015
0.29660266637802124
0.3072405159473419
0.29002198576927185
0.279228150844574
0.2865884304046631
0.29409340023994446
0.2724752128124237
0.30352798104286194
0.2878112494945526
0.31394487619400024
0.28676488995552063
0.3025497496128082
0.2994852364063263
0.31330519914627075
0.2795255780220032
0.32338377833366394
0.3007611930370331
